25
10
7
100
Morphy
True
0
Isuard
False
0
3;4;5;6;1;5;0;3
2;2;2;0;0;2;2;2
0;0;0;0;0;4;0;0
0;0;0;0;2;0;13;0
0;0;0;0;2;0;0;0
0;0;0;10;0;0;0;0
10;10;10;0;0;10;10;10
11;12;0;14;9;13;12;11
10
4
0
4
7
0
0
0
0
0
0
25;7;1;3;3;4;4;None;None;10;0;0;
3;5;4;4;0]5;2;4;4;0]6;3;3;0;0]2;1;2;2;0]
6;3;5;2;0]6;1;5;2;0]3;5;4;4;0]3;0;3;7;0]4;7;3;7;0]
3;5;3;4;0]4;3;3;4;0]6;3;5;2;0]6;1;5;2;0]5;7;1;3;0]
5;6;5;5;0]4;4;5;5;0]6;6;5;5;0]5;0;1;4;0]4;7;5;6;0]
5;6;5;4;0]4;3;5;4;0]3;5;4;4;0]5;2;4;4;0]6;3;3;0;0]
1;7;3;6;0]4;4;3;5;0]2;6;3;5;0]
1;7;2;5;0]4;4;3;5;0]2;6;3;5;0]
6;3;4;5;0]4;4;3;5;0]2;6;3;5;0]5;0;1;4;0]4;7;4;6;0]
3;7;4;6;0]4;4;3;5;0]2;6;3;5;0]5;0;1;4;0]4;7;3;7;0]
4;7;4;6;0]4;4;3;5;0]2;6;3;5;0]2;0;6;4;0]4;6;4;7;0]
4;7;3;6;0]4;4;3;5;0]2;6;3;5;0]5;2;4;4;0]3;6;4;7;0]
6;7;5;5;0]4;4;5;5;0]6;6;5;5;0]5;0;1;4;0]4;7;4;6;0]
